27 65
20.0 10.0
30.0 10.0
40.0 10.0
10.0 20.0
20.0 20.0
30.0 20.0
40.0 20.0
50.0 20.0
10.0 30.0
20.0 30.0
30.0 30.0
40.0 30.0
50.0 30.0
60.0 30.0
5.0 40.0
10.0 40.0
20.0 40.0
30.0 40.0
40.0 40.0
50.0 40.0
60.0 40.0
70.0 40.0
20.0 50.0
30.0 50.0
40.0 50.0
50.0 50.0
60.0 50.0
0 1
0 4
0 2
0 3
1 2
1 4
1 5
2 5
2 6
2 7
3 8  
3 4
4 8 
4 10
4 11
4 5
4 9
5 11
5 6
6 11
6 12
6 13
6 7
7 13
8 14
8 9
9 14
9 15
9 10
10 15
10 16
10 11
11 16
11 17
11 12
11 18
12 18
12 19
12 20
12 13
13 20
13 21
14 15
14 22
15 22
15 23
15 16
16 23
16 24
16 17
17 24
17 18
18 24
18 25
18 19
19 20
19 25
20 25
20 26
20 21
21 26
22 23
23 24
24 25
25 26

